61632
65462
43535
24133
51325
32151
16333
45266
41316
32166
61646
35326
65641
52124
21561
33111
23631
62144
54231
31635
66424
15623
14461
64523
41646
23414
11631
63651
54641
44522
25334
46464
54214
53513
45134
42645
66234
51121
36113
34235
22664
53243
16334
66324
53413
45261
11164
55222
31131
53655
22342
53243
54433
62223
53141
23153
51355
31561
51313
11611
36252
42525
36351
56464
42423
12421
53136
14624
56222
41664
32315
35142
15562
33611
25514
11533
63643
34646
11641
51243
64142
22524
34365
45551
14253
64511
55236
54542
15445
23343
56662
56651
51536
16542
16446
52654
15465
53524
61311
16466
55251
32634
26124
61444
63655
51115
34521
52551
64634
15626
61266
33555
61235
14325
43541
13226
62332
63536
32155
36313
14463
34531
23113
43541
15255
45131
43662
14113
32642
53561
34362
32155
66244
52316
55221
64513
34626
26423
45245
13526
62264
42642
53646
64242
46211
15534
22511
11323
34315
26343
41533
41323
22332
13431
54512
53666
25635
33162
54634
21343
44262
43461
13542
51116
66565
52355
16122
41656
31423
21111
45521
46154
45241
36422
53634
31261
23223
13124
54126
12464
26412
11343
56243
35365
26344
14264
34361
13645
26415
16441
31111
63226
25464
35311
61133
21423
61464
15221
36141
53246
